calibration_date: '2025-06-11T13:05:40'
camera_matrix:
- - 1303.6994089700447
  - 0.0
  - 779.1469106225512
- - 0.0
  - 1303.6994089700447
  - 589.8914600080909
- - 0.0
  - 0.0
  - 1.0
distortion_coefficients:
- - 0.17368485211799584
  - -1.7926647925780865
  - 0.005130954204472293
  - 0.0030167247534973398
  - 705.7367949516497
  - 0.0
  - 0.0
  - 683.3844880142509
  - 0.0
  - 0.0
  - 0.0
  - 0.0
  - 0.0
  - 0.0
focal_length:
  fx: 1303.6994089700447
  fy: 1303.6994089700447
image_size:
- 1600
- 1200
principal_point:
  cx: 779.1469106225512
  cy: 589.8914600080909
reprojection_error_mean: 0.08818730870082767
valid_images_count: 22
