calibration_date: '2025-06-11T13:05:33'
camera_matrix:
- - 1330.1001236628867
  - 0.0
  - 778.0026069008327
- - 0.0
  - 1330.1001236628867
  - 574.564497854946
- - 0.0
  - 0.0
  - 1.0
distortion_coefficients:
- - 0.22357525351203883
  - -1.847059152329074
  - 0.0008221553938314751
  - 0.0013948186208932228
  - 614.2771446194186
  - 0.0
  - 0.0
  - 591.4849112572402
  - 0.0
  - 0.0
  - 0.0
  - 0.0
  - 0.0
  - 0.0
focal_length:
  fx: 1330.1001236628867
  fy: 1330.1001236628867
image_size:
- 1600
- 1200
principal_point:
  cx: 778.0026069008327
  cy: 574.564497854946
reprojection_error_mean: 0.07684317131048776
valid_images_count: 22
