calibration_date: '2025-06-12T08:17:22'
camera_matrix:
- - 1268.7801756779263
  - 0.0
  - 757.6764500162669
- - 0.0
  - 1268.7801756779263
  - 562.2805040221806
- - 0.0
  - 0.0
  - 1.0
distortion_coefficients:
- - 0.19554813923018097
  - -0.6017101621730679
  - 0.0012883651712553145
  - -0.003384322908910623
  - 92.0925183621313
  - 0.0
  - 0.0
  - 88.34864732834956
  - 0.0
  - 0.0
  - 0.0
  - 0.0
  - 0.0
  - 0.0
focal_length:
  fx: 1268.7801756779263
  fy: 1268.7801756779263
image_size:
- 1600
- 1200
principal_point:
  cx: 757.6764500162669
  cy: 562.2805040221806
reprojection_error_mean: 0.13170034927703422
valid_images_count: 19
