calibration_date: '2025-06-11T08:33:34'
camera_matrix:
- - 1324.7738713458562
  - 0.0
  - 834.9116111724122
- - 0.0
  - 1324.7738713458562
  - 642.0761487103389
- - 0.0
  - 0.0
  - 1.0
distortion_coefficients:
- - 0.20802603522959712
  - -1.0408657824290843
  - 0.0037906769770691584
  - -0.00338962187605036
  - 347.17241056530577
  - 0.0
  - 0.0
  - 335.1745762528763
  - 0.0
  - 0.0
  - 0.0
  - 0.0
  - 0.0
  - 0.0
focal_length:
  fx: 1324.7738713458562
  fy: 1324.7738713458562
image_size:
- 1600
- 1200
principal_point:
  cx: 834.9116111724122
  cy: 642.0761487103389
reprojection_error_mean: 0.1014422157490403
valid_images_count: 25
