calibration_date: '2025-06-11T11:58:43'
camera_matrix:
- - 1319.083856257532
  - 0.0
  - 767.8873630733623
- - 0.0
  - 1319.083856257532
  - 598.3396943413885
- - 0.0
  - 0.0
  - 1.0
distortion_coefficients:
- - 0.21631370442035047
  - -0.7262439125969672
  - 0.0073862750107512665
  - -0.003953552573204838
  - 156.86539373350297
  - 0.0
  - 0.0
  - 151.07113977821848
  - 0.0
  - 0.0
  - 0.0
  - 0.0
  - 0.0
  - 0.0
focal_length:
  fx: 1319.083856257532
  fy: 1319.083856257532
image_size:
- 1600
- 1200
principal_point:
  cx: 767.8873630733623
  cy: 598.3396943413885
reprojection_error_mean: 0.09857165649389772
valid_images_count: 24
