calibration_date: '2025-06-11T11:58:48'
camera_matrix:
- - 1304.013376805319
  - 0.0
  - 760.839725515529
- - 0.0
  - 1304.013376805319
  - 568.4125710723097
- - 0.0
  - 0.0
  - 1.0
distortion_coefficients:
- - 0.1957232899706052
  - -0.6839848475665716
  - -0.0015111003361922592
  - -0.0011356521776058174
  - 184.70573538099543
  - 0.0
  - 0.0
  - 178.90082216356956
  - 0.0
  - 0.0
  - 0.0
  - 0.0
  - 0.0
  - 0.0
focal_length:
  fx: 1304.013376805319
  fy: 1304.013376805319
image_size:
- 1600
- 1200
principal_point:
  cx: 760.839725515529
  cy: 568.4125710723097
reprojection_error_mean: 0.08413187747370225
valid_images_count: 22
