calibration_date: '2025-06-11T12:37:52'
camera_matrix:
- - 2070.0842490430127
  - 0.0
  - 1046.0379784398115
- - 0.0
  - 2070.0842490430127
  - 1359.6993902150548
- - 0.0
  - 0.0
  - 1.0
distortion_coefficients:
- - -0.1702669137164277
  - -1.7589921226072482
  - 0.014098412643920989
  - 0.009073239915266918
  - 3058.2794318495107
  - 0.0
  - 0.0
  - 2992.1452502220855
  - 0.0
  - 0.0
  - 0.0
  - 0.0
  - 0.0
  - 0.0
focal_length:
  fx: 2070.0842490430127
  fy: 2070.0842490430127
image_size:
- 1944
- 2592
principal_point:
  cx: 1046.0379784398115
  cy: 1359.6993902150548
reprojection_error_mean: 1.1200917754446136
valid_images_count: 36
