%YAML:1.0
---
camera_matrix: !!opencv-matrix
   rows: 3
   cols: 3
   dt: d
   data: [ 1.0422275368470075e+03, 0., 6.5807141392273570e+02, 0.,
       1.0407258975973944e+03, 3.8294401130420727e+02, 0., 0., 1. ]
distortion_coefficients: !!opencv-matrix
   rows: 1
   cols: 5
   dt: d
   data: [ 1.6669961181540852e-01, -1.1970955241343875e-01,
       2.9327507715199769e-04, -4.6916822731880052e-03,
       -7.1445935397123161e-01 ]
reprojection_error: 3.3716084988886397e-02
