%YAML:1.0
---
camera_matrix: !!opencv-matrix
   rows: 3
   cols: 3
   dt: d
   data: [ 8.4476241162597637e+02, 0., 6.7847946275134348e+02, 0.,
       8.4444764683802543e+02, 3.0766306716073774e+02, 0., 0., 1. ]
distortion_coefficients: !!opencv-matrix
   rows: 1
   cols: 5
   dt: d
   data: [ 1.6312120148475273e-01, -1.9411359317919843e-01,
       -1.2728045443930096e-03, -2.9584194126686249e-03,
       6.6643649958515808e-02 ]
reprojection_error: 3.7522665498432070e-02
