%YAML:1.0
---
camera_matrix: !!opencv-matrix
   rows: 3
   cols: 3
   dt: d
   data: [ 1.0350839936198647e+03, 0., 6.6164298871796086e+02, 0.,
       1.0342089137589965e+03, 3.8951373704669754e+02, 0., 0., 1. ]
distortion_coefficients: !!opencv-matrix
   rows: 1
   cols: 5
   dt: d
   data: [ 1.8374972540579448e-01, -3.6583749199143856e-01,
       3.6381501766330681e-03, 2.5094472718699256e-03,
       8.6160342911265911e-02 ]
reprojection_error: 4.4443063585039924e-02
