%YAML:1.0
---
camera_matrix: !!opencv-matrix
   rows: 3
   cols: 3
   dt: d
   data: [ 3.0373217433271224e+04, 0., 6.5657346504230281e+02, 0.,
       1.5327651240629680e+03, 2.9775197150667896e+02, 0., 0., 1. ]
distortion_coefficients: !!opencv-matrix
   rows: 1
   cols: 5
   dt: d
   data: [ 1.6071527810999106e+02, -3.3734602132523082e+03,
       4.1569332906139884e+00, -2.3086692174461945e+00,
       -3.3538214454463707e+02 ]
reprojection_error: 1.3903025489372212e+01
