%YAML:1.0
---
camera_matrix: !!opencv-matrix
   rows: 3
   cols: 3
   dt: d
   data: [ 8.4939135579800109e+02, 0., 6.7760040621809674e+02, 0.,
       8.4908451714971875e+02, 3.0953240565364456e+02, 0., 0., 1. ]
distortion_coefficients: !!opencv-matrix
   rows: 1
   cols: 5
   dt: d
   data: [ 1.7193480449571416e-01, -2.0881352081262997e-01,
       -1.0091865505778581e-03, -3.9230783980261823e-03,
       6.6290110852770909e-02 ]
reprojection_error: 3.4305417413004753e-02
