%YAML:1.0
---
camera_matrix: !!opencv-matrix
   rows: 3
   cols: 3
   dt: d
   data: [ 7.5352423416552904e+02, 0., 6.5464183275307300e+02, 0.,
       7.4886204178919002e+02, 2.8763224809058164e+02, 0., 0., 1. ]
distortion_coefficients: !!opencv-matrix
   rows: 1
   cols: 5
   dt: d
   data: [ 1.5069381640576004e-01, -3.4993686210279568e-01,
       -6.2400322189516072e-03, -9.1990531832771717e-03,
       5.0921411780111647e-01 ]
reprojection_error: 2.0975838255637355e-02
