%YAML:1.0
---
camera_matrix: !!opencv-matrix
   rows: 3
   cols: 3
   dt: d
   data: [ 1.0351424800992775e+03, 0., 6.5238048303224764e+02, 0.,
       1.0316057222846043e+03, 3.8219514615353370e+02, 0., 0., 1. ]
distortion_coefficients: !!opencv-matrix
   rows: 1
   cols: 5
   dt: d
   data: [ 2.2460559557510729e-01, -5.6894721781066870e-01,
       -2.7855630584187482e-03, 2.0043628592789583e-03,
       4.4171789036922587e-01 ]
reprojection_error in Pixels: 2.1526215723105993e+00
