%YAML:1.0
---
camera_matrix: !!opencv-matrix
   rows: 3
   cols: 3
   dt: d
   data: [ 1.0416809414251545e+03, 0., 6.7465734211452934e+02, 0.,
       1.0434319479074711e+03, 3.7962848721104564e+02, 0., 0., 1. ]
distortion_coefficients: !!opencv-matrix
   rows: 1
   cols: 5
   dt: d
   data: [ 2.0335580289186453e-01, -5.1823895121198560e-01,
       7.6027509198090069e-04, 1.2525422882453919e-03,
       4.2112559003180838e-01 ]
reprojection_error in Pixels: 1.9068673204137234e+00
