%YAML:1.0
---
camera_matrix: !!opencv-matrix
   rows: 3
   cols: 3
   dt: d
   data: [ 2.6031286965634663e+03, 0., 9.4763449203768425e+02, 0.,
       2.6030208588548344e+03, 5.6346596467884581e+02, 0., 0., 1. ]
distortion_coefficients: !!opencv-matrix
   rows: 1
   cols: 5
   dt: d
   data: [ 1.5654382334444183e-01, 5.2441884237775338e-01,
       -3.9950426133441635e-03, -1.7843146059816326e-05,
       -8.0716783817406110e+00 ]
reprojection_error: 2.2969498023152206e+00
