%YAML:1.0
---
camera_matrix: !!opencv-matrix
   rows: 3
   cols: 3
   dt: d
   data: [ 6.9407185843129287e+02, 0., 7.0171286429416682e+02, 0.,
       7.0998302604230571e+02, 4.3400354351167147e+02, 0., 0., 1. ]
distortion_coefficients: !!opencv-matrix
   rows: 1
   cols: 5
   dt: d
   data: [ 1.2336219948980885e-01, -1.4000091254814148e-01,
       1.7007996104844020e-02, 3.4873095483179371e-03,
       2.2541384681108673e-01 ]
