%YAML:1.0
---
camera_matrix: !!opencv-matrix
   rows: 3
   cols: 3
   dt: d
   data: [ 2.7222331076736759e+03, 0., 9.5772334671110275e+02, 0.,
       2.6913059775460865e+03, 4.1987140761271871e+02, 0., 0., 1. ]
distortion_coefficients: !!opencv-matrix
   rows: 1
   cols: 5
   dt: d
   data: [ 3.2340157778284678e-01, -4.0021220331860086e+00,
       -1.6341928223447207e-02, 2.4705107632410467e-03,
       3.2019778148096080e+01 ]
reprojection_error: 8.3123397907435560e+01
