%YAML:1.0
---
camera_matrix: !!opencv-matrix
   rows: 3
   cols: 3
   dt: d
   data: [ 1.0369731681705721e+03, 0., 6.5260134701707545e+02, 0.,
       1.0358751162791987e+03, 3.9047238803849206e+02, 0., 0., 1. ]
distortion_coefficients: !!opencv-matrix
   rows: 1
   cols: 5
   dt: d
   data: [ 2.2768827683270881e-01, -5.8119604715393558e-01,
       -8.9720981557122931e-04, 3.8893514630157099e-04,
       4.5900454390697187e-01 ]
reprojection_error in Pixels: 2.2335260830645201e+00
