%YAML:1.0
---
camera_matrix: !!opencv-matrix
   rows: 3
   cols: 3
   dt: d
   data: [ 1.0588712334664517e+05, 0., 1.7144609836548659e+03, 0.,
       4.4255725019504507e+03, 2.7093970988115791e+02, 0., 0., 1. ]
distortion_coefficients: !!opencv-matrix
   rows: 1
   cols: 5
   dt: d
   data: [ 4.0838456835640176e+02, 6.4951609935162605e+03,
       5.1026157224254183e+00, 6.7284497091223310e+00,
       8.7456407834606900e+00 ]
