calibration_date: '2025-06-11T08:33:43'
camera_matrix:
- - 1319.0179278575654
  - 0.0
  - 768.9631538282621
- - 0.0
  - 1319.0179278575654
  - 580.3009440418311
- - 0.0
  - 0.0
  - 1.0
distortion_coefficients:
- - 0.22197894814258753
  - -0.6477482647110493
  - 0.0041797932215394355
  - -0.0021498523801091163
  - 75.06932109247242
  - 0.0
  - 0.0
  - 72.11583298498356
  - 0.0
  - 0.0
  - 0.0
  - 0.0
  - 0.0
  - 0.0
focal_length:
  fx: 1319.0179278575654
  fy: 1319.0179278575654
image_size:
- 1600
- 1200
principal_point:
  cx: 768.9631538282621
  cy: 580.3009440418311
reprojection_error_mean: 0.10317891089933263
valid_images_count: 25
